93246921918213
35522117108664
38903269434776
80435811484253
96398112463357
49216681390377
24687560595418
5340584441274
27204979873210
12326160160796
10835935280337
1787145449734
15821060665541
84605938879631
66635731576572
50987946678339
27471957724218
7591498279613
61291626080779
76837425758452
13856543826833
9013322002816
73168006922776
34484745282380
88240983725726
48201058971124
46068830885726
20836494361299
26060484017054
62877676430072
99942968626488
62749370330413
21747269587492
33037764160
13459981009435
49521454164335
13702145727281
97988546235360
89006482795754
67857075956951
53694966437301
49398140671044
66798299376874
61437532632832
91563633945219
80681944277633
90083054171410
21819362920121
70688405971768
83370260424582
94986357449183
99230979630629
61646576699275
80201287305663
33055001471398
18201084260946
6719856509323
85874777522113
16635665197435
44116427484660
584745104188
15572736630241
68527107552326
71060297097259
87087602609400
42654864887514
90807038000969
73387592294717
17221106709760
51092443074805
95876281765589
33407777069794
10177513280900
60811010449640
12456305931512
78279719646462
47236394150972
24257258910720
4137020458719
81782581650243
92721646694070
57202497004334
69488495328434
15115535857414
28263291670962
99103680097720
89980173019982
47480252961510
18248462843470
23240889106501
28222362170002
19535706599056
47156182850426
55762387086759
25749144301985
27003988045925
57201199684977
40046807943423
34746813990826
55101296559571
63996869255119
87953822298327
619974817789
60568127700662
57929014950846
94100533967446
65684518098221
24683250614027
34708116886653
58403373283677
29505859590874
86330848243749
41001028974639
34251963455101
94911091779700
53629095310743
54466278794352
99828135019777
81521376016927
22398869621374
3446458604600
22730395558538
82885323213861
16244561757405
5137016088385
70773095752782
59559870553635
58273517395702
29592116568554
43147723403242
37126271533144
51467230152304
10694354210536
70877520463485
81932432384332
76772834528706
26091565784482
50162882906033
75562345227042
21684507501461
42433031108315
38125210894543
29129631958767
74229764763222
37539980075953
15530904898406
32559049637690
6633965869437
67254680415368
45606829752530
69823225335245
45032615743014
8589214269838
87505301378252
83152882594567
72859692527310
57105034194758
83039359899898
36656372692686
25640520005749
54305915922791
49869216559592
78893212742339
7936847587577
99544982788311
45750538410330
18564565446628
38062811050076
47688104668964
46082422466814
66630000802004
58057729063813
48228298991784
26325176828622
69154018912335
52667349245501
69160940070474
3702507343510
74953632468134
47849282585457
30909239442687
51249608582731
29106769127713
66663983462895
24490132308992
40137576641236
26179247949282
54745960788974
68039865238878
45721224464931
12534745200246
93086764030717
20775842730387
60327912786372
35774980439948
9231786076027
80348202405430
50026222185827
97161303958602
80536468934507
60639773972949
75973675248720
3071790076778
22450286065086
74740937311701
50867227307806
64222876892186
20019217962025
9681915276724
17638011382443
90193453359029
4072574006808
31271065125910
36731601830581
8151896855979
21616039848589
19690786339120
54018532907016
4323276025768
9714735986502
73615056523125
38899460962030
69610453460612
43057624187181
74514375168984
9058371512164
98570932965848
78152442187696
39414064861407
92045422824380
39062211580331
68356363173938
58858922189974
69109495234713
32334198250089
41137066855997
81185354395449
38286030863245
15134386957125
88145080938513
90518028638474
80467960681938
66261401666165
25797719936971
16125085845868
25679659804967
32813804677165
36132948962932
35018163176255
78186079394027
31457051098836
63819693602721
64684330633261
63346685639885
41223104496690
73590179418176
95316220400398
58459893874666
76722794146110
90681629433056
89366111354083
69277963979459
95617609202474
67972654034436
93151649577707
48905425085615
92435629198058
58683739009043
93901055181648
93812646852165
33649307062158
43248986144250
13475081741987
4727337595716
14030286807462
45108668065979
69707782265282
55829815280737
37693418549110
38720103895904
13421276235122
63218789189456
4630127223293
17213035792740
92137092177683
86142445453275
42050288074514
72218528066914
20090154911686
64255624907879
16233146318032
97341978519754
75264251045792
4534403762044
47736632213439
92525493099143
79351879077414
14191217696788
49692124017826
2364125975239
60947041477425
72409037745434
48972778600573
17674982135642
7152230797503
3382147682310
3429494411705
802849139111
8951439296249
5929726015831
4918494509274
76406586761924
11460399210517
72903134200209
33676013359739
46755387137529
76510778175548
39550221599916
88800916150876
59145853967392
88977804298168
23389172505883
29809547487717
24197173834948
64380676617882
34579104112960
12201226202594
90733179817335
68546983180226
52653125528746
20503789474234
31169501783024
31814916221879
24914376549083
54028255317429
8827751029834
15579984562563
56627428140629
66329355445955
32581882323389
38901227240201
86882162449506
71679890353417
33480868625691
49083641404564
54146669335288
87744303619038
66721361539236
63424239895172
86447644526497
53885781744472
54166281540470
95251076402373
83093855782269
67189810787380
72761954960568
9738313614285
77663488138413
26773743460114
81811492076254
19805099885991
87005929309279
34639783874513
78817359309608
87346776588341
9958658554516
99534287965014
68287055677874
48750951257364
32193723789599
29135328988955
38775788969580
15253195936926
32754225171548
58231692789417
15643002712854
24603472090143
88140343670785
3919683639336
22017505545206
97220421083892
85009079492475
49432324739258
53368420505120
41124674289427
70975582771692
57503357006652
54554809102746
85080592678747
40897645406168
41809463469524
59672374995751
28513972631711
66426556493483
81044663283845
54138137859866
88431743987509
92657162734411
90925687043669
36408673774687
99785485812761
62210373453586
12163551703995
16142405687689
19962043614218
78610871690353
74784295606598
52251975524640
34498864821490
50422216893146
41330773112819
38836933026343
33700088899651
14740525916722
88867884756737
85582640846960
57218282600738
49375183578653
58375295138009
14764163876860
9746557953639
93526582031965
43955395867598
9953616472358
32607393419261
82389066579138
38995721810214
19000908647228
29123873527353
87282923731421
18148880390601
80764328517888
78996424693
94802041237804
26107241491117
65103108454454
47043262190687
62597041790628
10608906530481
89994265141466
89696675059933
78805765335034
21652380547087
44426681227661
68378890406966
8786272219454
46622125413999
87301385323566
78154597716025
6948239033281
91710092398290
29674888576511
64728154120975
6693160507305
93480935135331
50286391894461
40023267275222
37039667245143
46453002993238
81809344578484
80761987712716
6223326793120
71416055221485
65702887513556
6574833950244
94007389343672
81122742535572
13499736010848
79983189976754
35407738918510
94582824653435
75202085600130
65612133770262
56259360176620
68540345549870
85306506243227
83378388860770
34966997917193
39524350956221
34288596898078
27938949729474
87459488054924
27449047830569
45120739068090
78545390157334
8546947963658
66984257842376
77930924275175
48332892718672
23512580787533
53079664281337
22852526108949
24959208058990
97421319838317
90656964275454
85266889848128
99630892711519
6556709039891
99747487325858
15333093239728
77386460172950
21112426144337
84860778305725
57756127478864
1131719916517
24772441563863
99197175927779
23216257017805
81584589145831
66635952535913
3436653789995
53880267265656
59278723458365
65042215811843
65583294665433
78992885709440
28150266825130
71385437260123
45159500857807
73791763991977
97242211156178
39697744216315
82300044346984
10770811123603
31581148508501
19263006700138
15245078611969
58983281262926
91859392298582
95259778545848
94996747845435
86876944254953
27497381331404
98568910480109
29752202294045
63751221093815
88125043559708
89108609158818
88644075290364
49275856122875
20462758552484
29130334387990
29892378297426
39960037577046
10209446259313
52562963443380
62053888180835
95872742730757
33821720527412
79074268746798
88392197073225
83611270572369
58930292598212
99556290385825
61476770331937
5268687749727
41839469165251
72763280958428
4749891552605
99425067917660
79976173967673
42029271849887
72139173771390
92899164793204
8912121284078
35485061397183
49836890647948
12474728894635
3445867629596
36685665304103
32606668498682
2636438584849
94218957058476
99475872884068
14010593377670
23570995141499
69649459393783
88834267771503
87468498853145
18213735417157
84087131514415
49377281741745
87075782886247
90809800204460
80249909597383
82185664075892
43983905295137
66293965033576
40552000457879
82947575921434
51436772732920
91296222257419
52083825659233
38688739374371
79569866798688
22728403129932
15243909074733
57810471403424
23127311738514
99198719355591
78548000284471
40842102186676
10369245681350
34727413361891
15852248752851
27860258850309
29071750095216
1599510384387
35260324358897
86075027016663
47822493101004
30009025251007
15031896614773
51661669214649
83328077390270
39654509214634
58074249571325
44613653680699
19613263149356
71499662720632
64973549195832
4590726234018
74711788028441
79225151601292
20304525385442
10139695178478
41803388698608
37929508295520
34402296406955
9734762602496
31509440363783
23291939244016
12698620315884
96466696019534
11224813543067
18269146349235
315669736323
15333088841937
7837197622912
66167465380667
21910186623479
91319782847358
27501950523365
72895639479757
99216565793979
4108751201765
29399419389379
9760819543828
10716946279293
64799396525484
25637334857357
97984729399562
89158192787708
25257582215734
34207935407833
14468866117904
84652761193295
43801763052269
4754538167486
39596266234086
48364183380851
59577731743900
46928645862770
70451359115172
28811934201720
41197508028910
50810953557904
61995603318241
23359703603026
60117792690420
27032904266857
71835711471186
83557470202916
58251884263724
55120395462838
62703577297140
91137212649621
29150197722805
27280935103992
27572729024569
45611016072332
49836574974768
88896002955763
70721663246343
92765407356290
11648936598406
96426818972126
63183655034512
8182049651539
58508895901611
42930409519602
16795385424323
7918272067794
15029411070610
59886638717525
18771743957038
15254011102878
59033148973715
51287867455399
7589269187231
4794385278214
46862057192676
5345569793786
26980285569050
37223948016158
92343587653581
19230433565738
87796287360158
41914321885289
35044189903496
4088401645336
7219666136196
2913376137681
62490877355225
73819227487035
81710678369215
13471471071585
29183166050185
88566023344723
95743710178748
8171840830403
62322725175500
75689575641360
73840543700018
79429670459276
23492540431801
87613899210531
30939367366133
24047829107809
17358529974154
8044235325409
58782946610079
65970164449554
71338157018805
66102313958803
10389288220045
97570576026505
22294923552076
4619210190572
14804627576126
29520121075994
41978198222493
53175971131153
8721336318542
93141500391823
68785262995215
8403331324097
53351760212650
69538245011958
64689670903721
77267026822922
80165558722862
5822082197264
97671189580403
48778605432012
55501112327939
58815073238704
87448612703407
29598663471525
88674350291548
74904923473286
33445463199005
70931081346716
87069877936434
47100696728289
87025524331023
95998516332130
78204539695169
99227813311731
69576480430272
82991905519474
53580089933616
85903675426769
42955002675595
17745683716069
40874753063010
97423008121235
9619839292989
8437973359136
42426914997291
63356462071458
14700957773754
64561210928193
75909853962384
58385276420360
32751463299946
63443973764914
48030041361773
21402297073568
91139827807550
31822666283136
55967543362777
27983143416535
50980951648521
40857350640767
40177832209871
5517547104208
88371473008225
23013215033252
73479447379484
42615085589471
37332826192346
25651591385770
55521998504381
43992016459096
30032936118957
85822156113510
32315835165557
35586460395199
96103319721714
40328433434391
4316514092003
51179997014785
34378522176293
50970551359401
14160012064176
99920656358412
52552370520145
77685200564776
24652342515735
47925810750105
80619144248311
30872037835438
62927851609094
62409186068875
2066756713925
11505099187623
69265365105701
44824224458473
45689794702792
56375606703521
92717542822502
60161204907729
98506167227377
66736785392670
95627706009424
6400330876063
7872830449958
11455144173614
69198939196383
54602365800380
47892921603185
25988474371839
21996712380484
20516279761620
77672635522202
92984862417499
84155089428654
81670149910354
19634691603979
64665120773380
48790857800136
11386013862052
95260340127201
27863215402735
20655016179954
10273876799606
84746517102882
53650111293785
96286249945905
83045215919024
44373572611360
43588893309569
14951475580177
14292689833486
49927464399188
40364733321672
25987842420997
48565033051440
78626369590773
4200128948384
72936645753746
71056255494764
29122731090048
67662914411519
87016908517132
37024739168711
84641443636004
5845285550322
92667785391174
60010780436168
6262977323512
81951907730747
49796732643223
25713039917797
33436506234288
35241769253738
59300434991516
16738237234825
20897298831472
43088422366831
90386818433623
40727469234016
21337583210665
92214139682847
10365807237315
41656529266234
98680256761677
86198531286215
93182729984039
58131289280118
91826734886313
76791299166664
4136853490162
95680298459508
83707610882717
91949473521274
71334995995994
24449604481068
26178007891995
98904037910370
21282239664652
14382239437736
48124347813427
85234949839593
25803451393978
42238518996565
60997041619510
5347021908820
95362883339277
70791682830453
83356296512997
37943878725920
30262996871436
76756560322220
27531531988599
12705448226763
67829802694355
41205213688383
6634083191885
86248596436095
63955009614686
60505824671050
42835621669854
60129417686880
26068490363288
73694056352969
91023602310301
93260638657264
77456204404783
64635089992290
86434963936741
72024980345701
5651981049457
93949158785870
1111638224438
60905583935967
9360683766602
65600535053029
32972086934966
22454203050640
13134931304368
58915024435290
52736974621564
80137089473250
85115381215447
97503531647419
1519629911716
95940336064059
58139069238334
59705597187197
28583648193445
98853768231598
61536155933029
19013939672841
94905394396565
47911610395659
92775397616444
41377038787682
61390321899438
4690233646039
53598015185872
2642149871066
47673530793841
56687871873952
32185390404633
89279376378956
79852535466826
53357518909988
94300291704977
25081851629219
48618723364827
42253356324048
26925365259056
56338534868729
81084088688952
70349407430583
95965391932383
76412031916501
52723128309228
84282546882311
74319397066452
75560345154815
45322233636757
60240208583019
6377286561806
95044572162639
81808193889073
45888074985490
80493192436501
